# net         layer  x1       y1       x2       y2       width

OUT            M4     40.990   18.445   55.940   18.445   0.110
OUT            M4     40.990   18.640   71.990   18.640   0.500
OUT            M4     40.990   18.835   55.940   18.835   0.110
OUT            M4     41.015   18.780   41.015   28.990   0.050
OUT            M4     41.115   8.290    41.115   18.390   0.050
OUT            M4     41.215   8.290    41.215   28.990   0.050
OUT            M4     41.415   18.890   41.415   28.990   0.050
OUT            M4     41.515   8.290    41.515   18.390   0.050
OUT            M4     41.615   18.890   41.615   28.990   0.050
OUT            M4     41.715   8.290    41.715   18.390   0.050
OUT            M4     41.815   18.890   41.815   28.990   0.050
OUT            M4     41.915   8.290    41.915   18.390   0.050
OUT            M4     42.015   18.890   42.015   28.990   0.050
OUT            M4     42.115   8.290    42.115   18.390   0.050
OUT            M4     42.215   8.290    42.215   28.990   0.050
OUT            M4     42.415   18.890   42.415   28.990   0.050
OUT            M4     42.515   8.290    42.515   18.390   0.050
OUT            M4     42.615   18.890   42.615   28.990   0.050
OUT            M4     42.715   8.290    42.715   18.390   0.050
OUT            M4     42.815   18.890   42.815   28.990   0.050
OUT            M4     42.915   8.290    42.915   18.390   0.050
OUT            M4     43.015   18.890   43.015   28.990   0.050
OUT            M4     43.115   8.290    43.115   18.390   0.050
OUT            M4     43.215   8.290    43.215   28.990   0.050
OUT            M4     43.415   18.890   43.415   28.990   0.050
OUT            M4     43.515   8.290    43.515   18.390   0.050
OUT            M4     43.615   18.890   43.615   28.990   0.050
OUT            M4     43.715   8.290    43.715   18.390   0.050
OUT            M4     43.815   18.890   43.815   28.990   0.050
OUT            M4     43.915   8.290    43.915   18.390   0.050
OUT            M4     44.015   18.890   44.015   28.990   0.050
OUT            M4     44.115   8.290    44.115   18.390   0.050
OUT            M4     44.215   8.290    44.215   28.990   0.050
OUT            M4     44.415   18.890   44.415   28.990   0.050
OUT            M4     44.515   8.290    44.515   18.390   0.050
OUT            M4     44.615   18.890   44.615   28.990   0.050
OUT            M4     44.715   8.290    44.715   18.390   0.050
OUT            M4     44.815   18.890   44.815   28.990   0.050
OUT            M4     44.915   8.290    44.915   18.390   0.050
OUT            M4     45.015   18.890   45.015   28.990   0.050
OUT            M4     45.115   8.290    45.115   18.390   0.050
OUT            M4     45.215   8.290    45.215   28.990   0.050
OUT            M4     45.415   18.890   45.415   28.990   0.050
OUT            M4     45.515   8.290    45.515   18.390   0.050
OUT            M4     45.615   18.890   45.615   28.990   0.050
OUT            M4     45.715   8.290    45.715   18.390   0.050
OUT            M4     45.815   18.890   45.815   28.990   0.050
OUT            M4     45.915   8.290    45.915   18.390   0.050
OUT            M4     46.015   18.890   46.015   28.990   0.050
OUT            M4     46.115   8.290    46.115   18.390   0.050
OUT            M4     46.215   8.290    46.215   28.990   0.050
OUT            M4     46.415   18.890   46.415   28.990   0.050
OUT            M4     46.515   8.290    46.515   18.390   0.050
OUT            M4     46.615   18.890   46.615   28.990   0.050
OUT            M4     46.715   8.290    46.715   18.390   0.050
OUT            M4     46.815   18.890   46.815   28.990   0.050
OUT            M4     46.915   8.290    46.915   18.390   0.050
OUT            M4     47.015   18.890   47.015   28.990   0.050
OUT            M4     47.115   8.290    47.115   18.390   0.050
OUT            M4     47.215   8.290    47.215   28.990   0.050
OUT            M4     47.415   18.890   47.415   28.990   0.050
OUT            M4     47.515   8.290    47.515   18.390   0.050
OUT            M4     47.615   18.890   47.615   28.990   0.050
OUT            M4     47.715   8.290    47.715   18.390   0.050
OUT            M4     47.815   18.890   47.815   28.990   0.050
OUT            M4     47.915   8.290    47.915   18.390   0.050
OUT            M4     48.015   18.890   48.015   28.990   0.050
OUT            M4     48.115   8.290    48.115   18.390   0.050
OUT            M4     48.215   8.290    48.215   28.990   0.050
OUT            M4     48.415   18.890   48.415   28.990   0.050
OUT            M4     48.515   8.290    48.515   18.390   0.050
OUT            M4     48.615   18.890   48.615   28.990   0.050
OUT            M4     48.715   8.290    48.715   18.390   0.050
OUT            M4     48.815   18.890   48.815   28.990   0.050
OUT            M4     48.915   8.290    48.915   18.390   0.050
OUT            M4     49.015   18.890   49.015   28.990   0.050
OUT            M4     49.115   8.290    49.115   18.390   0.050
OUT            M4     49.215   8.290    49.215   28.990   0.050
OUT            M4     49.415   18.890   49.415   28.990   0.050
OUT            M4     49.515   8.290    49.515   18.390   0.050
OUT            M4     49.615   18.890   49.615   28.990   0.050
OUT            M4     49.715   8.290    49.715   18.390   0.050
OUT            M4     49.815   18.890   49.815   28.990   0.050
OUT            M4     49.915   8.290    49.915   18.390   0.050
OUT            M4     50.015   18.890   50.015   28.990   0.050
OUT            M4     50.115   8.290    50.115   18.390   0.050
OUT            M4     50.215   8.290    50.215   28.990   0.050
OUT            M4     50.415   18.890   50.415   28.990   0.050
OUT            M4     50.515   8.290    50.515   18.390   0.050
OUT            M4     50.615   18.890   50.615   28.990   0.050
OUT            M4     50.715   8.290    50.715   18.390   0.050
OUT            M4     50.815   18.890   50.815   28.990   0.050
OUT            M4     50.915   8.290    50.915   18.390   0.050
OUT            M4     51.015   18.890   51.015   28.990   0.050
OUT            M4     51.115   8.290    51.115   18.390   0.050
OUT            M4     51.215   8.290    51.215   28.990   0.050
OUT            M4     51.415   18.890   51.415   28.990   0.050
OUT            M4     51.515   8.290    51.515   18.390   0.050
OUT            M4     51.615   18.890   51.615   28.990   0.050
OUT            M4     51.715   8.290    51.715   18.390   0.050
OUT            M4     51.815   18.890   51.815   28.990   0.050
OUT            M4     51.915   8.290    51.915   18.390   0.050
OUT            M4     52.015   18.890   52.015   28.990   0.050
OUT            M4     52.115   8.290    52.115   18.390   0.050
OUT            M4     52.215   8.290    52.215   28.990   0.050
OUT            M4     52.415   18.890   52.415   28.990   0.050
OUT            M4     52.515   8.290    52.515   18.390   0.050
OUT            M4     52.615   18.890   52.615   28.990   0.050
OUT            M4     52.715   8.290    52.715   18.390   0.050
OUT            M4     52.815   18.890   52.815   28.990   0.050
OUT            M4     52.915   8.290    52.915   18.390   0.050
OUT            M4     53.015   18.890   53.015   28.990   0.050
OUT            M4     53.115   8.290    53.115   18.390   0.050
OUT            M4     53.215   8.290    53.215   28.990   0.050
OUT            M4     53.415   18.890   53.415   28.990   0.050
OUT            M4     53.515   8.290    53.515   18.390   0.050
OUT            M4     53.615   18.890   53.615   28.990   0.050
OUT            M4     53.715   8.290    53.715   18.390   0.050
OUT            M4     53.815   18.890   53.815   28.990   0.050
OUT            M4     53.915   8.290    53.915   18.390   0.050
OUT            M4     54.015   18.890   54.015   28.990   0.050
OUT            M4     54.115   8.290    54.115   18.390   0.050
OUT            M4     54.215   8.290    54.215   28.990   0.050
OUT            M4     54.415   18.890   54.415   28.990   0.050
OUT            M4     54.515   8.290    54.515   18.390   0.050
OUT            M4     54.615   18.890   54.615   28.990   0.050
OUT            M4     54.715   8.290    54.715   18.390   0.050
OUT            M4     54.815   18.890   54.815   28.990   0.050
OUT            M4     54.915   8.290    54.915   18.390   0.050
OUT            M4     55.015   18.890   55.015   28.990   0.050
OUT            M4     55.115   8.290    55.115   18.390   0.050
OUT            M4     55.215   8.290    55.215   28.990   0.050
OUT            M4     55.415   18.890   55.415   28.990   0.050
OUT            M4     55.515   8.290    55.515   18.390   0.050
OUT            M4     55.615   18.890   55.615   28.990   0.050
OUT            M4     55.715   8.290    55.715   18.390   0.050
OUT            M4     55.815   18.890   55.815   28.990   0.050
OUT            M4     55.915   8.290    55.915   18.390   0.050
OUT            M4     55.915   18.780   55.915   18.890   0.050
OUT            M4     56.490   6.460    70.135   6.460    0.500
OUT            M4     56.490   18.640   56.490   6.460    0.500
OUT            M4     57.040   18.445   71.990   18.445   0.110
OUT            M4     57.040   18.835   71.990   18.835   0.110
OUT            M4     57.065   18.780   57.065   28.990   0.050
OUT            M4     57.165   8.290    57.165   18.390   0.050
OUT            M4     57.265   18.890   57.265   28.990   0.050
OUT            M4     57.365   8.290    57.365   18.390   0.050
OUT            M4     57.465   8.290    57.465   28.990   0.050
OUT            M4     57.665   18.890   57.665   28.990   0.050
OUT            M4     57.765   8.290    57.765   18.390   0.050
OUT            M4     57.865   18.890   57.865   28.990   0.050
OUT            M4     57.965   8.290    57.965   18.390   0.050
OUT            M4     58.065   18.890   58.065   28.990   0.050
OUT            M4     58.165   8.290    58.165   18.390   0.050
OUT            M4     58.265   18.890   58.265   28.990   0.050
OUT            M4     58.365   8.290    58.365   18.390   0.050
OUT            M4     58.465   8.290    58.465   28.990   0.050
OUT            M4     58.665   18.890   58.665   28.990   0.050
OUT            M4     58.765   8.290    58.765   18.390   0.050
OUT            M4     58.865   18.890   58.865   28.990   0.050
OUT            M4     58.965   8.290    58.965   18.390   0.050
OUT            M4     59.065   18.890   59.065   28.990   0.050
OUT            M4     59.165   8.290    59.165   18.390   0.050
OUT            M4     59.265   18.890   59.265   28.990   0.050
OUT            M4     59.365   8.290    59.365   18.390   0.050
OUT            M4     59.465   8.290    59.465   28.990   0.050
OUT            M4     59.665   18.890   59.665   28.990   0.050
OUT            M4     59.765   8.290    59.765   18.390   0.050
OUT            M4     59.865   18.890   59.865   28.990   0.050
OUT            M4     59.965   8.290    59.965   18.390   0.050
OUT            M4     60.065   18.890   60.065   28.990   0.050
OUT            M4     60.165   8.290    60.165   18.390   0.050
OUT            M4     60.265   18.890   60.265   28.990   0.050
OUT            M4     60.365   8.290    60.365   18.390   0.050
OUT            M4     60.465   8.290    60.465   28.990   0.050
OUT            M4     60.665   18.890   60.665   28.990   0.050
OUT            M4     60.765   8.290    60.765   18.390   0.050
OUT            M4     60.865   18.890   60.865   28.990   0.050
OUT            M4     60.965   8.290    60.965   18.390   0.050
OUT            M4     61.065   18.890   61.065   28.990   0.050
OUT            M4     61.165   8.290    61.165   18.390   0.050
OUT            M4     61.265   18.890   61.265   28.990   0.050
OUT            M4     61.365   8.290    61.365   18.390   0.050
OUT            M4     61.465   8.290    61.465   28.990   0.050
OUT            M4     61.665   18.890   61.665   28.990   0.050
OUT            M4     61.765   8.290    61.765   18.390   0.050
OUT            M4     61.865   18.890   61.865   28.990   0.050
OUT            M4     61.965   8.290    61.965   18.390   0.050
OUT            M4     62.065   18.890   62.065   28.990   0.050
OUT            M4     62.165   8.290    62.165   18.390   0.050
OUT            M4     62.265   18.890   62.265   28.990   0.050
OUT            M4     62.365   8.290    62.365   18.390   0.050
OUT            M4     62.465   8.290    62.465   28.990   0.050
OUT            M4     62.665   18.890   62.665   28.990   0.050
OUT            M4     62.765   8.290    62.765   18.390   0.050
OUT            M4     62.865   18.890   62.865   28.990   0.050
OUT            M4     62.965   8.290    62.965   18.390   0.050
OUT            M4     63.065   18.890   63.065   28.990   0.050
OUT            M4     63.165   8.290    63.165   18.390   0.050
OUT            M4     63.265   18.890   63.265   28.990   0.050
OUT            M4     63.365   8.290    63.365   18.390   0.050
OUT            M4     63.465   8.290    63.465   28.990   0.050
OUT            M4     63.665   18.890   63.665   28.990   0.050
OUT            M4     63.765   8.290    63.765   18.390   0.050
OUT            M4     63.865   18.890   63.865   28.990   0.050
OUT            M4     63.965   8.290    63.965   18.390   0.050
OUT            M4     64.065   18.890   64.065   28.990   0.050
OUT            M4     64.165   8.290    64.165   18.390   0.050
OUT            M4     64.265   8.290    64.265   28.990   0.050
OUT            M4     64.465   8.290    64.465   28.990   0.050
OUT            M4     64.665   8.290    64.665   28.990   0.050
OUT            M4     64.865   18.890   64.865   28.990   0.050
OUT            M4     64.965   8.290    64.965   18.390   0.050
OUT            M4     65.065   18.890   65.065   28.990   0.050
OUT            M4     65.165   8.290    65.165   18.390   0.050
OUT            M4     65.265   8.290    65.265   28.990   0.050
OUT            M4     65.465   8.290    65.465   28.990   0.050
OUT            M4     65.665   8.290    65.665   28.990   0.050
OUT            M4     65.865   18.890   65.865   28.990   0.050
OUT            M4     65.965   8.290    65.965   18.390   0.050
OUT            M4     66.065   18.890   66.065   28.990   0.050
OUT            M4     66.165   8.290    66.165   18.390   0.050
OUT            M4     66.265   8.290    66.265   28.990   0.050
OUT            M4     66.465   8.290    66.465   28.990   0.050
OUT            M4     66.665   8.290    66.665   28.990   0.050
OUT            M4     66.865   18.890   66.865   28.990   0.050
OUT            M4     66.965   8.290    66.965   18.390   0.050
OUT            M4     67.065   18.890   67.065   28.990   0.050
OUT            M4     67.165   8.290    67.165   18.390   0.050
OUT            M4     67.265   8.290    67.265   28.990   0.050
OUT            M4     67.465   8.290    67.465   28.990   0.050
OUT            M4     67.665   8.290    67.665   28.990   0.050
OUT            M4     67.865   18.890   67.865   28.990   0.050
OUT            M4     67.965   8.290    67.965   18.390   0.050
OUT            M4     68.065   18.890   68.065   28.990   0.050
OUT            M4     68.165   8.290    68.165   18.390   0.050
OUT            M4     68.265   8.290    68.265   28.990   0.050
OUT            M4     68.465   8.290    68.465   28.990   0.050
OUT            M4     68.665   8.290    68.665   28.990   0.050
OUT            M4     68.865   18.890   68.865   28.990   0.050
OUT            M4     68.965   8.290    68.965   18.390   0.050
OUT            M4     69.065   18.890   69.065   28.990   0.050
OUT            M4     69.165   8.290    69.165   18.390   0.050
OUT            M4     69.265   8.290    69.265   28.990   0.050
OUT            M4     69.465   8.290    69.465   28.990   0.050
OUT            M4     69.665   8.290    69.665   28.990   0.050
OUT            M4     69.865   18.890   69.865   28.990   0.050
OUT            M4     69.950   1.175    70.320   1.175    0.240
OUT            M4     69.965   8.290    69.965   18.390   0.050
OUT            M4     70.065   18.890   70.065   28.990   0.050
OUT            M4     70.135   6.460    70.135   0.935    0.500
OUT            M4     70.165   8.290    70.165   18.390   0.050
OUT            M4     70.265   8.290    70.265   28.990   0.050
OUT            M4     70.465   8.290    70.465   28.990   0.050
OUT            M4     70.665   8.290    70.665   28.990   0.050
OUT            M4     70.865   18.890   70.865   28.990   0.050
OUT            M4     70.965   8.290    70.965   18.390   0.050
OUT            M4     71.065   18.890   71.065   28.990   0.050
OUT            M4     71.165   8.290    71.165   18.390   0.050
OUT            M4     71.265   8.290    71.265   28.990   0.050
OUT            M4     71.465   8.290    71.465   28.990   0.050
OUT            M4     71.665   8.290    71.665   28.990   0.050
OUT            M4     71.865   18.890   71.865   28.990   0.050
OUT            M4     71.965   8.290    71.965   18.390   0.050
OUT            M4     71.965   18.780   71.965   18.890   0.050
